94,4
94,3
94,2
94,1
93,7
4294967294,474
93,6
4294967294,989
93,5
93,4
93,3
93,2
93,1
92,5
92,4
92,3
92,2
92,1
4294967278,448
91,5
91,4
91,3
91,2
91,1
90,5
90,4
90,3
90,2
90,1
89,4
89,3
89,2
89,1
88,5
88,4
88,3
88,2
88,1
87,5
87,4
87,3
87,2
87,1
86,4
86,3
86,2
86,1
85,4
85,3
85,2
85,1
4294967294,430
4294967279,447
84,5
84,4
84,3
84,2
84,1
83,5
83,4
83,3
83,2
83,1
4294967279,446
82,4
82,3
82,2
82,1
4294967278,384
4294967279,445
4294967279,444
4294967279,443
81,4
81,3
81,2
81,1
80,7
80,6
80,5
80,4
80,3
80,2
80,1
79,5
79,4
79,3
79,2
79,1
78,5
78,4
78,3
78,2
78,1
4294967279,442
77,5
77,4
77,3
77,2
77,1
76,4
76,3
76,2
76,1
75,5
75,4
75,3
75,2
75,1
74,5
74,4
74,3
74,2
74,1
73,4
73,3
73,2
73,1
4294967278,383
72,4
72,3
72,2
72,1
4294967278,382
71,5
71,4
71,3
71,2
71,1
4294967278,381
70,5
70,4
70,3
70,2
70,1
69,4
69,3
69,2
69,1
4294967278,380
68,4
68,3
68,2
68,1
67,7
67,6
4294967278,379
4294967279,441
67,5
67,4
67,3
67,2
67,1
4294967279,440
4294967278,378
66,5
66,4
66,3
66,2
66,1
4294967279,439
4294967279,438
65,5
65,4
65,3
65,2
65,1
4294967294,473
64,5
64,4
64,3
64,2
64,1
4294967279,437
63,4
63,3
63,2
63,1
62,5
62,4
62,3
62,2
62,1
61,5
61,4
61,3
61,2
61,1
4294967278,377
60,4
60,3
60,2
60,1
59,4
59,3
59,2
59,1
4294967279,436
58,5
58,4
58,3
58,2
58,1
57,5
57,4
57,3
57,2
57,1
56,4
56,3
56,2
56,1
4294967279,310
4294967278,376
4294967279,435
55,4
55,3
55,2
55,1
54,7
4294967279,434
4294967279,433
54,6
4294967278,375
54,5
54,4
54,3
54,2
54,1
53,5
53,4
53,3
53,2
53,1
4294967278,374
4294967278,373
52,5
52,4
52,3
52,2
52,1
51,5
51,4
51,3
51,2
51,1
4294967278,372
50,4
50,3
50,2
50,1
49,5
49,4
49,3
49,2
49,1
48,5
48,4
48,3
48,2
48,1
47,4
47,3
47,2
47,1
4294967294,1423
46,4
46,3
46,2
46,1
4294967278,371
4294967279,432
4294967279,431
45,5
45,4
45,3
45,2
45,1
4294967278,370
44,5
44,4
44,3
44,2
44,1
43,4
43,3
43,2
43,1
4294967278,369
4294967279,430
4294967279,429
4294967278,368
4294967278,367
4294967279,428
4294967279,427
4294967278,366
4294967278,365
4294967279,426
4294967279,425
4294967278,364
4294967278,363
4294967279,424
4294967279,423
4294967278,362
4294967278,361
4294967278,360
42,4
42,3
42,2
42,1
41,7
41,6
41,5
41,4
41,3
41,2
41,1
4294967294,990
4294967279,422
4294967278,359
4294967278,358
40,5
40,4
40,3
40,2
40,1
4294967279,421
39,5
39,4
39,3
39,2
39,1
4294967278,357
4294967278,356
38,5
38,4
38,3
38,2
38,1
4294967279,420
37,4
37,3
37,2
37,1
4294967279,419
4294967278,355
36,5
36,4
36,3
36,2
36,1
4294967279,418
4294967278,354
35,5
35,4
35,3
35,2
35,1
34,4
34,3
34,2
34,1
33,4
33,3
33,2
33,1
4294967278,353
32,5
32,4
32,3
32,2
32,1
31,5
31,4
31,3
31,2
31,1
30,4
30,3
30,2
30,1
4294967278,352
4294967278,351
4294967279,408
4294967279,402
4294967294,471
4294967293,131
4294967293,130
4294967293,129
4294967293,128
4294967293,127
4294967293,126
4294967293,125
4294967293,124
4294967293,123
4294967293,122
4294967293,121
4294967293,120
4294967293,119
4294967293,118
4294967293,117
4294967293,116
4294967293,115
4294967293,114
4294967293,113
4294967293,112
4294967293,111
4294967293,110
4294967293,109
4294967293,108
4294967293,107
4294967293,106
4294967293,105
4294967293,104
4294967293,103
4294967293,102
4294967293,101
4294967293,100
4294967293,99
4294967293,98
4294967293,97
4294967293,96
4294967293,95
4294967293,94
4294967293,93
4294967293,92
4294967293,91
4294967293,90
4294967293,89
4294967293,88
4294967293,87
4294967293,86
4294967293,85
4294967293,84
4294967293,83
4294967293,82
4294967293,81
4294967293,80
4294967293,79
4294967293,78
4294967293,77
4294967293,76
4294967293,75
4294967293,74
4294967293,73
4294967293,72
4294967293,71
4294967293,70
4294967293,69
4294967293,68
4294967293,67
